0.01 0E-50
0.02 0E-50
0.03 0E-50
0.04 5.0819200288831E-37
0.05 6.206227023169587059260568E-26
0.060000000000000005 1.29167927708329872431725185296306E-18
0.07 1.9345829740563491006412353259808049577E-13
0.08 1.34664334580815984342039256072021580586861E-9
0.09 0.00000122392227067262520409801481190154121916571307
0.09999999999999999 0.00026938752030588228677008137486087285792927514397
0.10999999999999999 0.02124691332445887958141571899149723414553032193103
0.11999999999999998 0.77909043874268432997003894265333346116475030966901
0.12999999999999998 15.89584942650574868309171099536297290402895070583479
0.13999999999999999 205.08657632121842115961448043697619925643879468427987
0.15 1837.19156035182072948500412410681539090304626265320392
0.16 12254.34157890401877155559112931748206184904365944099282
0.17 64191.84219121227445225213583086909918489821700809819030
0.18000000000000002 275206.88809834334649675749462797742249688233729677476519
0.19000000000000003 997564.41529071876286821765959339580993649851947019614339
0.20000000000000004 3137454.17139377637930082260562204789282283327603316881049
0.21000000000000005 8742739.88120300014968727041472894849846019394386132753215
0.22000000000000006 21956083.04342728283380558884244006502699890721587693650574
0.23000000000000007 50395841.03169001661508349612908203332814555990665874341736
0.24000000000000007 106961990.61528311119166857801163525605918496720816105263819
0.25000000000000006 211981179.98998819319463896018850707405379912611423629229137
0.26000000000000006 395523365.42318876773851035494149985986154728536943002003571
0.2700000000000001 699661782.71637781821073284005755445708333754067538513592182
0.2800000000000001 1180421701.53107579354699306243263158353129083022488497584874
0.2900000000000001 1909176028.51791318933956372635075009535431502054496055138954
0.3000000000000001 2973293189.57057314912794475206952002708266081130349620159634
0.3100000000000001 4475914493.83116090256756537960711285927252187837991879679396
0.3200000000000001 6534821273.39560019185053191335670063823468461733595908857681
0.3300000000000001 9280433801.07989702896706660306526047611621652583892487994247
0.34000000000000014 12853054187.58358870664599101269704478798778073961012420189622
0.35000000000000014 17399517656.91225522875103961980788794568493340135778236125963
0.36000000000000015 23069448024.99748323885329616090710546531226829069959794571805
0.37000000000000016 30011324244.03902450653491729613127305496070295925964329836375
0.38000000000000017 38368558166.08189305879171023013150409185397604781159898955734
0.3900000000000002 48275763172.83469301114532633692232194138265351262746379535311
0.4000000000000002 59855363435.79751500215613283372966258234531407168271379465164
0.4100000000000002 73214658571.71942786954333357277938491526749849500716143919867
0.4200000000000002 88443422031.90228443621356507419814730360496872502847732476118
0.4300000000000002 105612076614.96685664723775497865492834409336300112140186519778
0.4400000000000002 124770459086.62839043180051008871993789947957749327705767600034
0.45000000000000023 145947159303.34181950469955773203457372717508964508428460179717
0.46000000000000024 169149398071.81421627709216959812631398736768793741455412233755
0.47000000000000025 194363392304.57440722108690661965463473909085262439126668567673
0.48000000000000026 221555145539.19204391686706941054987868752898508497352769261486
0.49000000000000027 250671596009.89329810851906228878806207036747198491695961895267
0.5000000000000002 281642052490.45801392882274342838324051054741337648809253263048
0.5100000000000002 314379849310.39846890293586814909017921487972186434011659226393
0.5200000000000002 348784155539.64396386976053926694254464133224789923229770022291
0.5300000000000002 384741878653.90427925670673588982521540556339522221309267475484
0.5400000000000003 422129609429.48379170559067281185584517372990497282533206169777
0.5500000000000003 460815561863.18098978582559048498140739914990099967867534220954
0.5600000000000003 500661469157.60273966627157947854325932342212264513729251734261
0.5700000000000003 541524403934.85536659389839991216857789554028224453054276083826
0.5800000000000003 583258497606.04045748149718734595128424006528612732548343472721
0.5900000000000003 625716540066.98142831210140187127787766690925993234065681892094
0.6000000000000003 668751446509.82550757582641394164898034014384863686329514579670
0.6100000000000003 712217583082.65352407758493252028116550164861936081249997215408
0.6200000000000003 755971947380.59557785263469759034789743465384309083385231634445
0.6300000000000003 799875203326.75910931465084599855215045699736449853960310606764
0.6400000000000003 843792572934.80523499020696658825032209665515340123057847045345
0.6500000000000004 887594589786.39466839063551327386644729406740354761163935266078
0.6600000000000004 931157720863.42096796947750074914448262789402147098029286368005
0.6700000000000004 974364864708.39040444867913676946621330115438307414125921172669
0.6800000000000004 1017105734808.61461733411255826647871324093706247161238893218928
0.6900000000000004 1059277137671.45627201773727948999150612159486112811510229498831
0.7000000000000004 1100783155335.72241466893062178296997973506387703041276848592076
0.7100000000000004 1141535242100.98103373077813667169029587345363927539932606615961
0.7200000000000004 1181452245099.54733228647436819844929669795633415878191622337696
0.7300000000000004 1220460358027.26905329306867989052943864562917705523619223383097
0.7400000000000004 1258493016925.81656805830002839988924379496352226201275261952239
0.7500000000000004 1295490746402.58389575240748548390152361938333773189780594304901
0.7600000000000005 1331400964111.32557430737335933293629205852478434307967436944005
0.7700000000000005 1366177750719.64217512396665166015321952060150954400132650861445
0.7800000000000005 1399781591976.72623664865174760165039349780485037175506533059372
0.7900000000000005 1432179098881.17247229378055525716816557363577693100627589268911
0.8000000000000005 1463342711345.80655274973935465285090929098837081495462343039357
0.8100000000000005 1493250390173.36819282436498613751675086526419476461069346341662
0.8200000000000005 1521885301600.17246516144679932811833949076638173405878508054699
0.8300000000000005 1549235498139.30948979265660003807978450091320074291023505286004
0.8400000000000005 1575293598963.65984625793810631028427820991394769176392668583236
0.8500000000000005 1600056472613.81539110503703278505912570845319351848879233300056
0.8600000000000005 1623524924397.65180177946483216456523102401036466002298247160954
0.8700000000000006 1645703390466.70408782316100924421627377490867890325803497768948
0.8800000000000006 1666599640208.89664204322910731397597701638528830695380958509036
0.8900000000000006 1686224488286.32503836660704570396338646736756343439045699038781
0.9000000000000006 1704591517369.06419540902832995736943580735260034501890146372296
0.9100000000000006 1721716812369.52074067967970265567276013637476674825947890132562
0.9200000000000006 1737618706764.62891899156828613774490045321293027169195401149368
0.9300000000000006 1752317541403.09366869551138316169715544618865250140225959549885
0.9400000000000006 1765835436029.76661040646542263412035839841172702510116872619670
0.9500000000000006 1778196073616.97218121119216538787377346986711047996244435621294
0.9600000000000006 1789424497471.10515606150389909297215208200380380007373344781861
0.9700000000000006 1799546920980.09829824669501929982610277637019961332745540003344
0.9800000000000006 1808590549781.50746387827161116983144445497360565740407646809631
0.9900000000000007 1816583416060.18807251692404008554364331512679445192251999974716
1.0000000000000007 1823554224627.16552237396874867458102199353771306070845397390513
1.0100000000000007 1829532210385.77796692467950712377553125491455255109246514097383
1.0200000000000007 1834547006756.05979484309930089574717098863648509958861301777954
1.0300000000000007 1838628524602.32528170686477439633868569385474449816704060093265
1.0400000000000007 1841806841190.80812355838771188051492971200699362841270102282793
1.0500000000000007 1844112098692.92987982637780238536202181375944811717523827485804
1.0600000000000007 1845574411744.33109164446568753382988070263336970049251910318803
1.0700000000000007 1846223783569.32543752004108917260815343295372082588516258623415
1.0800000000000007 1846090030184.14563965888460938584138872708920269451759823805027
1.0900000000000007 1845202712199.54250550050911201843895453284434196099256840543527
1.1000000000000008 1843591073753.35792659069870143531818892524918121476138714590036
1.1100000000000008 1841283988116.07454023223757801432358073389626139088424919223867
1.1200000000000008 1838309909526.57155156497201867039746938499458530301149944773242
1.1300000000000008 1834696830830.97101668590307711796291504994071853174907810861345
1.1400000000000008 1830472246514.17960225546661922995639047715968397404522722619161
1.1500000000000008 1825663120731.20469953004343326446698885706970806810200951639925
1.1600000000000008 1820295859963.28223757003010739804928659977308199704176930509242
1.1700000000000008 1814396289942.06756881789060622253805698261522960510398468209674
1.1800000000000008 1807989636503.41648326195200929943776711291321204447250266702799
1.1900000000000008 1801100510050.45798444788667949108138831903664695906795550076982
1.2000000000000008 1793752893323.59866721477916892761676346254798883723125791077095
1.2100000000000009 1785970132192.68929780568215946106372418623103466861962510350106
1.2200000000000009 1777774929203.73762207427043503229127382809320517763041698571990
1.2300000000000009 1769189339629.19611318910018028079150599377207874107185975332295
1.2400000000000009 1760234769786.93396711355141558991129230577523484535654983763173
1.2500000000000009 1750931977408.47769402461332766736517454479349140845481885928624
1.260000000000001 1741301073851.94460542655781325927949840257268976378926892336567
1.270000000000001 1731361527969.27904127689254040984775294012217536246545039939249
1.280000000000001 1721132171450.92167819567835062606771443260785853184842374331698
1.290000000000001 1710631205483.89439436511080893767387562140156574140664174506818
1.300000000000001 1699876208571.46975516098421774927581923946982051007630898321496
1.310000000000001 1688884145374.12312842993203080691513340906366644743489117206613
1.320000000000001 1677671376442.34880701424670453007399950645158207141799582805434
1.330000000000001 1666253668722.17474673769192004355768475207578229463991727468622
1.340000000000001 1654646206723.85172918474988314503873836837403256312426306105167
1.350000000000001 1642863604253.24211354663278213697509834222971139234857028759257
1.360000000000001 1630919916613.91258665885494280861263416502380289400879107629127
1.370000000000001 1618828653195.86730353869742720169938321254577782465310687542464
1.380000000000001 1606602790374.26611220217150183773798501201201718199648208189034
1.390000000000001 1594254784648.38116863858431395042101136996273426316635775502582
1.400000000000001 1581796585957.47830439704871155137360305960989283347383529066834
1.410000000000001 1569239651116.29106068766544772301689938843288027122489740876368
1.420000000000001 1556594957318.30912909359569197093434630364574546186028821255933
1.430000000000001 1543873015660.25239711416355377033882834730418267949022269405338
1.440000000000001 1531083884645.86969812444050511023609574666832971807796720444851
1.450000000000001 1518237183631.60987688444694686474477202486379461485213881256808
1.460000000000001 1505342106180.78335221419931042047234847103971690737793421891775
1.470000000000001 1492407433296.58565944809562423941368178843617000199302001427762
1.480000000000001 1479441546507.81034288134395759563106904363608006134704341769218
1.490000000000001 1466452440784.25605459577836599914193851466726660187818470994253
