0.005 2.6385639019551242878724211735421612E-16
0.01 5554.53172934675640522233134295324791763931603837266914
0.015 6412111926.44783153989407189457476784483265408970671569063338
0.02 4505182417240.38877814239125180765305305490766415953955055395038
0.025 178650937190246.30778576781543932080433916256474300818017650230053
0.030000000000000002 1756552375126197.23999465748353109294020057939037574854471576825888
0.035 7975493828356971.72456488719740005052084862921984766797293865879585
0.04 22681540676889394.66093851520297637843381727693110111989745259005199
0.045 47696328894724234.36170274199086011109979699354462381490022956300832
0.049999999999999996 81765658230073981.75760855361281089951546722918087810509205460636092
0.05499999999999999 121436015725248416.26702415696470295387404789540654522479333065443239
0.05999999999999999 162578365269115746.50618142083458959071731286927707871502228696577566
0.06499999999999999 201561705818560576.78003450379503784768872916987068599239719496190822
0.06999999999999999 235807082350078174.55954033358764928810693035928473693091297733118930
0.075 263859732931536627.08877134015856669683626539653180262057352403385941
0.08 285204886639035970.38409391959452398407338757788763883464159007022218
0.085 300000078677361529.40580621541019162214592933872650305231284697997180
0.09000000000000001 308820509174950604.26991270117469508433223660274842081694709299700281
0.09500000000000001 312456881216396432.47465903557082952067972464667592921133596016141615
0.10000000000000002 311772588316118672.72215030476936533228458306658047915119832020470745
0.10500000000000002 307612387860243635.56503876092372248388597061911426019543288671602829
0.11000000000000003 300750223321054350.14750344091318710302972578399213743449072829173745
0.11500000000000003 291864293254152212.43643018499582004399182129125008118325722716675215
0.12000000000000004 281529723659069568.61981044010342659112024460344974617915057496010484
0.12500000000000003 270221755011500402.36648132968902551019436199423065567983727290931101
0.13000000000000003 258324576365423401.14383383913994721456717496434180972923748348376822
0.13500000000000004 246142650554920640.89351452608436184674704583297220703259071280946005
0.14000000000000004 233912600302319750.05440426775677943369436485269085474330084573121031
0.14500000000000005 221814557333426816.27051739109107345712274904895599400556500835444184
0.15000000000000005 209982416713168870.51648221997179127874124766991410788656421446618343
0.15500000000000005 198512773651146787.13822660782124137360955539570607478980379191433806
0.16000000000000006 187472517081368060.29231440040698068003484205684703773458751789172112
0.16500000000000006 176905161845971840.66445214657341124909855140370146582032357832207213
0.17000000000000007 166836052790267572.79506340289948177449336621784849499556266108602605
0.17500000000000007 157276591868900575.95210794702969825178555225691942153977473814463704
0.18000000000000008 148227637973306787.35554198575204057561284078708228005243263019318537
0.18500000000000008 139682217756014942.75110303587031399087122647846589856252697184100905
0.19000000000000009 131627669821969841.68503770391820677746386424045565710535295391128097
0.1950000000000001 124047327545689063.61486767719322650375636280198868282966907087638379
0.2000000000000001 116921829258792899.50620734398059207654142431203438573244317320827480
0.2050000000000001 110230129536827827.40934126290377888120170876939998204374192563350017
0.2100000000000001 103950272160336192.73520630628174286470456417144439701177273367146317
0.2150000000000001 98059974087777732.59476465302462250447116475460891711279641122422196
0.2200000000000001 92537060347484186.37746424203638170115927935234650096090034307537587
0.22500000000000012 87359781944862438.61726159501922226605078147875383398569872639806661
0.23000000000000012 82507042475270745.28437528596390938309542412331479634600188344052193
0.23500000000000013 77958553919706973.16236383601513066215973344124119699504831812379214
0.24000000000000013 73694937883251662.33009087261237964076474877659384617266823927036137
0.24500000000000013 69697785141341939.70905518164482552934689400793537757379622396801619
0.2500000000000001 65949683636974552.51176481789936250366098921773472948838306441712812
0.2550000000000001 62434222896818019.47063057250604580428802464577650512846414742148683
0.2600000000000001 59135981101162978.75256687703117537909777325471564193613419823754753
0.2650000000000001 56040499665430481.16593650441433614982388223445720330093010536335431
0.27000000000000013 53134249099209512.66638656295702217256136041809863049310308785328050
0.27500000000000013 50404589045402288.77063538606622093947489777908888287341066451617025
0.28000000000000014 47839724720913030.81676417410497618292584105509077999648504654003157
0.28500000000000014 45428661444331518.60450421171136523132551479002991634406235881857507
0.29000000000000015 43161158515488126.25890460185591358184996582025340013565793099920086
0.29500000000000015 41027683382788883.54551376481123578442701132092815259732485694066372
0.30000000000000016 39019366777867789.79033205396299051169606294737309179993566337935036
0.30500000000000016 37127959298162278.76965472647726051963131035249632419489977192912214
0.31000000000000016 35345789764457532.97275443875035563589445684445310755696958994134105
0.31500000000000017 33665725562657703.75693959099336222851742148456056861824902064595033
0.3200000000000002 32081135089401118.33839098346227264182226846488566898918379153319916
0.3250000000000002 30585852353589877.22578082777904729963576100845126049714050895167726
0.3300000000000002 29174143735653118.44325989412264379439962264206677612971021302391495
0.3350000000000002 27840676869606951.05882700965187349779294582547260544098407452861389
0.3400000000000002 26580491586705902.31039017078575489392560233198231010268822978763028
0.3450000000000002 25388972841325117.95995783663196102987774521361720044840724577756121
0.3500000000000002 24261825527795484.32155547342524306489449118740578687665340778567406
0.3550000000000002 23195051089759505.84232815922193113514824987485093151014082050185793
0.3600000000000002 22184925820064433.51366034765284306792822180591246964685893771297124
0.3650000000000002 21227980748351680.80960986489341189249970338971034917983150901332103
0.3700000000000002 20320983014627492.33725881075001230252516930784281523631025489833872
0.3750000000000002 19460918629655884.50088340001004346498772609349312049392734375995744
0.3800000000000002 18644976526572154.58066482214585028677205104828878149411375239456793
0.38500000000000023 17870533812343057.81713209939957636403423093233697294695325833471109
0.39000000000000024 17135142132344832.94360774327303242240104775945435284210788537060806
0.39500000000000024 16436515066200310.56397087628448489396895743557463903755655667003707
0.40000000000000024 15772516477966922.62734446749568925693554543711137662694628089848965
0.40500000000000025 15141149748691569.12117553495505163108894885890707303662665096858946
0.41000000000000025 14540547824168252.06733537457908661379919938698829867286052449144534
0.41500000000000026 13968964015395138.91861827819389296539732660610158696261282078734600
0.42000000000000026 13424763493691808.42870741795887218342494949903222145009065260872551
0.42500000000000027 12906415426680895.33013919467191792373637174294514029701965874937564
0.43000000000000027 12412485705347496.10008342973271910206056799928339219336534084096794
0.4350000000000003 11941630216158592.85158788407865360942189268348897813653454451472139
0.4400000000000003 11492588615753233.94743689509754098871167120083110392210156127170184
0.4450000000000003 11064178569006342.22122246035978157121938238345873722994380424465518
0.4500000000000003 10655290414331885.83208752051466845080878710646962216108767671180052
0.4550000000000003 10264882222933907.49819905068638869549499035450535699159668651033704
0.4600000000000003 9891975221347093.74082665805626876124108778873410923941309696806097
0.4650000000000003 9535649549043517.34752366528394267496956858211401008530086997384325
0.4700000000000003 9195040325130640.70663780715044255744290824636950827368164827777790
0.4750000000000003 8869334000239445.26125921918831449754782354862393496579792164165464
0.4800000000000003 8557764971612328.09953897738527340491355637851540307866673525883334
0.4850000000000003 8259612441159544.09902243974856561488839072016456068759607484184583
0.4900000000000003 7974197497871407.60903630563606552535986894438267370920131282380360
0.49500000000000033 7700880407461634.18758538518156744025649442521337444523886905836493
0.5000000000000003 7439058093484981.73701305452857601528165728311767373594924107367885
0.5050000000000003 7188161795429046.07927546982176976786753349782523405848622403938640
0.5100000000000003 6947654890434399.09053766509420785098160146928865058252986904364631
0.5150000000000003 6717030866357367.71854540141632140807382575792848266143351039840950
0.5200000000000004 6495811434863212.66131863727307445298250173046041167039194823397586
0.5250000000000004 6283544774131302.29052498627959227556299033662482176494883760396695
0.5300000000000004 6079803891574593.80648619658501618113771175053921040255033425290855
0.5350000000000004 5884185097729336.65378973635779401185378445799197442163930947982836
0.5400000000000004 5696306583162942.90161060006196469291321127785461386823270252930622
0.5450000000000004 5515807090883526.55442904790365008280726629248129081291477053380145
0.5500000000000004 5342344677318390.54637729593337581593746456293087568535252782754151
0.5550000000000004 5175595555465047.07375987488427021302488251387645828766159080045556
0.5600000000000004 5015253014311151.13067961881556219475934585607215195522959551612801
0.5650000000000004 4861026409072638.63713903909839843326256390583459375231492908879036
0.5700000000000004 4712640217215717.19239220713700646146172282527843857865052386742159
0.5750000000000004 4569833155611208.60765864259795591666372891680035652984723606419275
0.5800000000000004 4432357354521881.04322770939298900155772070487467210878885651534342
0.5850000000000004 4299977584447392.19656629622165070934571760284312985780769913459767
0.5900000000000004 4172470532149634.77562868509487463890616064789052643412493416976709
0.5950000000000004 4049624122455774.18198317723021145456117906692676160030327354914261
0.6000000000000004 3931236882689056.97401658807108223704064488156187437552292996745025
0.6050000000000004 3817117346810341.67869838003645296588221063417858952819184074998293
0.6100000000000004 3707083496567903.01611927215337649664281857384701706981150130766857
0.6150000000000004 3600962237150889.17312331269445532387525954085759114074745548402115
0.6200000000000004 3498588905024244.53565796527698839291605484852265566463357403598179
0.6250000000000004 3399806805791205.81936621702508117265929181600071918375093506723470
0.6300000000000004 3304466780084789.72209279548455383843596469761625868495780337938764
0.6350000000000005 3212426795633069.65155923795389819342317382313633406227913434033637
0.6400000000000005 3123551563775453.33498318879974496987336659254919100821475759169812
0.6450000000000005 3037712178829506.38758635413144917956205659673966712946085515103593
0.6500000000000005 2954785778820929.19050395233238793728197809787973817531572619936409
0.6550000000000005 2874655226193827.74125800708304901254500815766157130795997749761564
0.6600000000000005 2797208807215103.49162691748645590930719634835499940134670823366828
0.6650000000000005 2722339948876245.93692407139935654945140650082860984908667895891032
0.6700000000000005 2649946952178616.34368305694756796260091207759672339317609037519833
0.6750000000000005 2579932740764985.69914112237257112595969084120207434588982227015524
0.6800000000000005 2512204623931115.56085632240197542716021508181681895110828142551660
0.6850000000000005 2446674073116988.29271846771568115575839812139698405267229080113987
0.6900000000000005 2383256511038308.23850352479181002320523979308210650226590739615057
0.6950000000000005 2321871112675479.69898854666676397872736609369969870367256586784475
0.7000000000000005 2262440617389762.77811690126002952283019164403438806874838167558717
0.7050000000000005 2204891151485028.20047883749009267080437134274933181305871243299583
0.7100000000000005 2149152060578765.62569635982628586307066356183552983854444521433138
0.7150000000000005 2095155751188012.10043955928227086205665460254268419665141335970875
0.7200000000000005 2042837540974902.13179922691123719548343994459489310898403327533729
0.7250000000000005 1992135517132822.95882382271596411989619971297643177198772073971085
0.7300000000000005 1942990402427894.59381377598896548178263125358899100775031899338948
0.7350000000000005 1895345428441874.38375068127026938288931023783551272588118448671084
0.7400000000000005 1849146215591785.44341373588067315125087203062145323401858896630997
0.7450000000000006 1804340659528748.82180131868675232561856210333337131900711729656947
