0.01 0E-50
0.02 9.912856037213395853E-32
0.03 1.379278605790352311784602154596964129E-14
0.04 0.00000336444214721501507899610391434353313092995052
0.05 0.28153723991814744902137699598281248817900423239858
0.060000000000000005 455.41939038357477035296452348892687379876091893878766
0.07 79162.91598962785061985115138031866856146823343840645311
0.08 3464935.93082806273891173646020068657119585878038496773062
0.09 61083660.45425150381830223898104526968531248417446638692658
0.09999999999999999 573761717.60653368138029273221305943982380950785904740116066
0.10999999999999999 3426813573.03343090175731221602358233785075844447320064998829
0.11999999999999998 14629055507.46059821255984614327701431844735567392254260042471
0.12999999999999998 48376344290.50346913806000965686265501389428935078857717392234
0.13999999999999999 131191124387.46343016364635147737569571787022079596929262746084
0.15 304128555158.16389654758705901476224718407319140632440976703756
0.16 621600516946.92366557355811983205925510307417589308436202430877
0.17 1146708483705.01762270512385089862172053937860079928280598529836
0.18000000000000002 1944219678212.27623164100426781395384164966643027284134094761107
0.19000000000000003 3072905823634.12519789929853222799501129454600269910664208750252
0.20000000000000004 4578847074831.28187758426065451529435406437238079552608568481916
0.21000000000000005 6490758358712.94823167420728248100874775948498638425215179801362
0.22000000000000006 8817743373010.74821825612684964866401440159818686766296442123322
0.23000000000000007 11549343001627.72841432024629246564834419745700992152026693409052
0.24000000000000007 14657409761713.30284535189184010590027692213026425847431384468775
0.25000000000000006 18099203266522.31007732835682393953021457820783479384706966711394
0.26000000000000006 21821112424824.10682885331277636925554185986675510280587932240703
0.2700000000000001 25762507247618.06191562451278119136872240180567479361084804638933
0.2800000000000001 29859355519015.05470310246177627355571069003952391852651597326073
0.2900000000000001 34047372357421.04886204268452881353947959651776802329915484194074
0.3000000000000001 38264584467589.71098272236324393108858382724481192226560916653555
0.3100000000000001 42453277923399.91185655539319910927319694694849228881403933889101
0.3200000000000001 46561358287487.93660970471262000422138692359387069262187375388830
0.3300000000000001 50543188359576.73688300921374868193805914563829663806491180418609
0.34000000000000014 54359986966778.72674195876989582372276516321751007584330681443874
0.35000000000000014 57979877156719.01766997487906741305375516349063796473358268812369
0.36000000000000015 61377668453114.90029500452153171412304538578780221572077529046476
0.37000000000000016 64534449066452.13622641679887406169105528848378777852143564192445
0.38000000000000017 67437052750513.83807577202685678833696872744071520649486941218457
0.3900000000000002 70077453158816.06042358026971823414852924339331185504132306355754
0.4000000000000002 72452127221228.61788344462813967270898859429002973326445709013326
0.4100000000000002 74561418874589.47396542173571561070145384761029869449605031301381
0.4200000000000002 76408925740141.31457429920425730058831351447197252790353526837646
0.4300000000000002 78000924114838.88529775730580554958059837096905497901465594242725
0.4400000000000002 79345841862720.42328498207974279179363442024404894864645635447820
0.45000000000000023 80453784309475.74309238783675486259629037428641082222836194871878
0.46000000000000024 81336114876909.51809755704312330074929551111433593784660693287433
0.47000000000000025 82005089756446.53974527142222429606224909160039350640485387478318
0.48000000000000026 82473544234215.83563524613021062259869415586166365452502965756857
0.49000000000000027 82754627185171.66150357951201730846382103470527352784957698322200
0.5000000000000002 82861579612949.10741445210250067527658607302445095771006909995786
0.5100000000000002 82807552811198.10825767520721583407782687554228511414802748470879
0.5200000000000002 82605461667837.58668398099977459712142136050105077929538233394591
0.5300000000000002 82267868751929.98046076977781788851261006684504354156160084901266
0.5400000000000003 81806895055996.57502209290438167674090289116297176765732157010437
0.5500000000000003 81234153570576.77638175088695623634599629219715365368765358514674
0.5600000000000003 80560702209866.59088312129863417480643539809855940559458076248495
0.5700000000000003 79797012963492.42645567940086692851956514184528218152195023710763
0.5800000000000003 78952954503060.14632806577593026254485495555313232966776731402315
0.5900000000000003 78037785811672.59206516518736053664681201954438696710066256424827
0.6000000000000003 77060158722858.78543963361349226866833220769038325406923538397706
0.6100000000000003 76028127548098.84750761553114141386926288648094507544819622801292
0.6200000000000003 74949164237388.12249289732570333314824896291660838985481343098259
0.6300000000000003 73830177754674.59860365867133484632121149932797700221922486816792
0.6400000000000003 72677536560224.85714061174943242803188209772785465009175744722804
0.6500000000000004 71497093276435.41941842334987823400214665665409093147496140048952
0.6600000000000004 70294210774149.38627520864936824934035343349844238543195686467238
0.6700000000000004 69073789055230.50022310932470046193531553804961521953742414857908
0.6800000000000004 67840292426137.51021820170374227741724531873264125057290427662895
0.6900000000000004 66597776558661.02289650554429446562748850543450801086435690325555
0.7000000000000004 65349915119876.59240398537380749365413552896963434952078877103213
0.7100000000000004 64100025725646.97397586554825745654594792277788916234339143304507
0.7200000000000004 62851095032436.45153479539578380696099201156562953220992980273171
0.7300000000000004 61605802832381.34206966041878328483280709938696587541750432485410
0.7400000000000004 60366545057929.22744868790257709727785069446324985632433413096314
0.7500000000000004 59135455636191.49828154568388690868659408330551173020244495691182
0.7600000000000005 57914427160574.62384696991168476035855466434985451801201693274284
0.7700000000000005 56705130369250.22151919127113501863691815213487306596728197833526
0.7800000000000005 55509032437449.48530688484772557334609963781953763283727697021156
0.7900000000000005 54327414104165.31930146412493565888992132764571705553455756144059
0.8000000000000005 53161385664253.89039908012670543272501506509361721885471183446170
0.8100000000000005 52011901864693.14654471680865682733544987326066004615336488693978
0.8200000000000005 50879775749345.63967653825729128286790195592420634475595339947704
0.8300000000000005 49765691500382.99127977454203161880781793407818859390156231910689
0.8400000000000005 48670216326894.72030692093561802773822355666835991890333479717247
0.8500000000000005 47593811452407.27280188094199570422338495524144816425393857938624
0.8600000000000005 46536842253316.81447454184388974681535767161552699557669758256750
0.8700000000000006 45499587599789.52016460967241629363821805130146029875542362164623
0.8800000000000006 44482248449670.22992179491441164326556699858195737834159530530378
0.8900000000000006 43484955744500.57182311659623306365549709529436476709957437763178
0.9000000000000006 42507777654993.03004699498288552355356910975848532478107627787040
0.9100000000000006 41550726221329.65830094896942390583367925786877901014315731125371
0.9200000000000006 40613763431527.74363789106847776594824414038828695824809533191697
0.9300000000000006 39696806778899.84783484016374847801003540444378435180971973716558
0.9400000000000006 38799734337380.37143195255912382581141660036565332814686000072538
0.9500000000000006 37922389391233.12653534173109962586995550338845825436163408723197
0.9600000000000006 37064584653424.04866133620211869421777078063102384905405191628129
0.9700000000000006 36226106104762.90201403926409503978330217339461971881886101211429
0.9800000000000006 35406716483804.73100543983049300742489952188197329758717245290206
0.9900000000000007 34606158455468.32405686270861662399950438637698980132918068159096
1.0000000000000007 33824157484383.73546121972212260086174663070297616495553671015758
1.0100000000000007 33060424437129.54454379883216892906172095554947301984462350387498
1.0200000000000007 32314657935766.14704417174946568519048305623297613837151678927401
1.0300000000000007 31586546483415.14528064906713965910023653498763581275660108414768
1.0400000000000007 30875770381076.46895678968817554515956240341636914231536458309201
1.0500000000000007 30182003453412.66494503232634930454294519172951142876740257810048
1.0600000000000007 29504914599861.38451653282210730359299474092444846270936772684760
1.0700000000000007 28844169186159.34113185499780597717804540651306249367925044480586
1.0800000000000007 28199430290170.30094219819573382704919031627579653904827488219187
1.0900000000000007 27570359814802.06479336077558822869241390779337461052881212147294
1.1000000000000008 26956619479768.76562980515650438687092708842372916978954537560258
1.1100000000000008 26357871703000.89660956885496711617490991952090385442229955705400
1.1200000000000008 25773780381622.03607656781015027009548546770363755971060031510835
1.1300000000000008 25204011581594.01560092864454130121630582829899351606295462244929
1.1400000000000008 24648234144377.14000743352854524644035393044466699933267665961294
1.1500000000000008 24106120218254.98628696698078887833072339554372798399776743178296
1.1600000000000008 23577345721330.39915834476975034145353410518516680970350510398094
1.1700000000000008 23061590742606.84582798100052011044959151379851308666312804130093
1.1800000000000008 22558539887023.74746692318393414714274886697650006211629279849728
1.1900000000000008 22067882569812.40873848831883479663804926073632922329104346854084
1.2000000000000008 21589313265077.54335776888490527115919527184831068682042785953824
1.2100000000000009 21122531713085.15248242635407370698230729707920940110971952532131
1.2200000000000009 20667243090347.84584319595226099768669665370517005063376613145238
1.2300000000000009 20223158146240.97355266893792242218771017348103799305573595381560
1.2400000000000009 19789993309554.70288825686137549254534676899846325660081599410938
1.2500000000000009 19367470768086.13855266255663317132382673607682519438938804409001
1.260000000000001 18955318524099.61521559816882596885086405684506778379324626531370
1.270000000000001 18553270428230.40674069038055740418501726724144561542594839968553
1.280000000000001 18161066194175.45951884284335665959345135984043427091284091282113
1.290000000000001 17778451396302.66472775240790520552896339808468213976409220056045
1.300000000000001 17405177452116.05985538190600935646628238312201149642590610900329
1.310000000000001 17041001591336.73612008482455830791485725835545896820811907951753
1.320000000000001 16685686813196.77933850806369461212257859963185174011579163823314
1.330000000000001 16339001833395.04501967942132892993498963145250815141289952129548
1.340000000000001 16000721022027.81836077822043449052615934921747076907750142231196
1.350000000000001 15670624333683.38070591205003298449972747898410613367814307607514
1.360000000000001 15348497230776.22370946117238530677643580363594386132010988080298
1.370000000000001 15034130601093.22617226865159549676772079804262881976830198713503
1.380000000000001 14727320670429.71324487113309496089159083101974253186758131985582
1.390000000000001 14427868911107.19671352789559729450057065995480543276000955611796
1.400000000000001 14135581947086.05300152758916006340804763941606353938535540011398
1.410000000000001 13850271456314.79353608828091143659152819542643059490756701835281
1.420000000000001 13571754070892.33367384113422090239584598265082460730995223667572
1.430000000000001 13299851275560.23301098144648258869693187925233786515895925679790
1.440000000000001 13034389304987.76754310976972567955335795812855884301117067659249
1.450000000000001 12775199040263.44952447507633951813247473479009874969511313888470
1.460000000000001 12522115904961.81832716291438151206255665118238339979617324191971
1.470000000000001 12274979761113.60398151364553210946460122434079005239422213875473
1.480000000000001 12033634805370.36502694050797045767846867803667033956358567255841
1.490000000000001 11797929465621.10363562481477097664588482998927093469674004135046
