0.01 0E-50
0.02 0E-50
0.03 0E-50
0.04 0E-50
0.05 0E-50
0.060000000000000005 0E-50
0.07 0E-50
0.08 0E-50
0.09 0E-50
0.09999999999999999 6.3E-49
0.10999999999999999 5.6976056E-43
0.11999999999999998 5.022863395969E-38
0.12999999999999998 7.4381584505207404E-34
0.13999999999999999 2.71799591760462247915E-30
0.15 3.24821850122578252729447E-27
0.16 1.56787920880569208937370840E-24
0.17 3.5914169997901030124780720960E-22
0.18000000000000002 4.424881329538656520057624190485E-20
0.19000000000000003 3.23681509955271666569833511815236E-18
0.20000000000000004 1.5212321185167594831664997543370708E-16
0.21000000000000005 4.89615623071889590632796329948634565E-15
0.22000000000000006 1.1369808063934646906374799416733472602E-13
0.23000000000000007 1.98876901725941839252620518016763013531E-12
0.24000000000000007 2.715884039716935254974021521778417266621E-11
0.25000000000000006 2.9839516474872036633301177134683879401635E-10
0.26000000000000006 2.70559623896580410495307498255102799712407E-9
0.2700000000000001 2.068789817772968052131490381805726721463901E-8
0.2800000000000001 1.3589171053344163408038662770640433773665874E-7
0.2900000000000001 7.7914281221386312754516250203081579031792079E-7
0.3000000000000001 0.00000395351257676873188496274850109743108484771251
0.3100000000000001 0.00001796827328142325961925661107635814493786746575
0.3200000000000001 0.00007391711337689109025902853594659396126886474970
0.3300000000000001 0.00027777964216533943081392228184112503507039177855
0.34000000000000014 0.00096138926419227390756612894620561482219871289502
0.35000000000000014 0.00308646764742286338242510867836726442352081970224
0.36000000000000015 0.00925035086241527558356517895725867849871547129119
0.37000000000000016 0.02602896269496207340597282945524421526480146086576
0.38000000000000017 0.06911361315317217822128850432046669590447272728149
0.3900000000000002 0.17396259243540757848011753832621277411040254682364
0.4000000000000002 0.41678435516980813596973818612362740009059223329883
0.4100000000000002 0.95396559763482759272127631670799136458634371602575
0.4200000000000002 2.09299432729616324155874946466356373289450122941965
0.4300000000000002 4.41498770923482050627581912409271191767019880375152
0.4400000000000002 8.97859783128349916713069357621082955077389864152102
0.45000000000000023 17.64775442880470592291952316208195722079261505729738
0.46000000000000024 33.60169900619197880359436842316448135853036139224725
0.47000000000000025 62.10515286675562502036663580423230490144340054792869
0.48000000000000026 111.63905758178324733963526371683890887339737225642421
0.49000000000000027 195.51763093789095073203658042897418629381930297701911
0.5000000000000002 334.14465887610676913959575271274043176956093918389726
0.5100000000000002 558.08983223946714573358814876368287850969279943081693
0.5200000000000002 912.19308951560459246666577134833215409656102335008522
0.5300000000000002 1460.92968421406941683113309479171957653567427147641477
0.5400000000000003 2295.28928403697010474334008564659779613909444328718698
0.5500000000000003 3541.43705313975471647118599166410716552100159038320431
0.5600000000000003 5371.43171171231196226949834418597867344446902704102225
0.5700000000000003 8016.27358674651042844202357723930129181689066925683232
0.5800000000000003 11781.54357935649151816886360466641617061457404906659066
0.5900000000000003 17065.87111076466768071334256549181321888176694577127619
0.6000000000000003 24382.43527642455166192755941757883767399091594046618752
0.6100000000000003 34383.65893662039921157472891866090077433059984796184682
0.6200000000000003 47889.20109167558898901866543511372915213526434534928403
0.6300000000000003 65917.28987298106637728984536058353297122827078790200475
0.6400000000000003 89719.36846261488835784174978216038076997264556920121379
0.6500000000000004 120817.95118306746568975621441539101516615071721477141091
0.6600000000000004 161047.50904437989477812474160154991255598460992197480129
0.6700000000000004 212598.12549088187725395883171877779646968952681023641212
0.6800000000000004 278061.58626837905193085686641725847102067756830707947103
0.6900000000000004 360479.49447787303819056242792973995736570247558188944224
0.7000000000000004 463392.93507946076052216890222996104171020863729456109329
0.7100000000000004 590893.15421645296966676152751645669072455965643789958123
0.7200000000000004 747672.66931513575142955118111320052162622231182719936436
0.7300000000000004 939076.18722302189607706105246387157493685338593274108358
0.7400000000000004 1171150.68056951925098079788887384176059066231673807174588
0.7500000000000004 1450693.95759928603347412009721190275014729037221362032282
0.7600000000000005 1785301.05811749824485530621370675775700351486562799703056
0.7700000000000005 2183407.81773911661425534362431259058251980739276110604068
0.7800000000000005 2654330.96388468549916318012198263416029745605853363496481
0.7900000000000005 3208304.13917559242075010994114621776720531384147945439798
0.8000000000000005 3856509.29008494974619513439814143105443062786592420457262
0.8100000000000005 4611102.90974481168712294640912669067743850181713346602232
0.8200000000000005 5485236.68240666761737016078697853220960902112532510083064
0.8300000000000005 6493072.14181796587429914299459590687414115352010648391345
0.8400000000000005 7649789.02528185122540325325404393097894261509666061354946
0.8500000000000005 8971587.07797076253690847877094527452676836059143866217410
0.8600000000000005 10475681.13675491510762288905093095458891638152040842729042
0.8700000000000006 12180289.39803060785898657317994872960429669026883813815750
0.8800000000000006 14104614.84852226778283644959299168650573193844351554637658
0.8900000000000006 16268819.91062350469658664620091753630941394979453518679642
0.9000000000000006 18693994.42349511520548351494424684295948209992844203781885
0.9100000000000006 21402117.14694331761675278312291345738031615494160293326704
0.9200000000000006 24416011.03628968000734707180672149991712542047511790174304
0.9300000000000006 27759292.59238641922261357158498077296781126406625470458583
0.9400000000000006 31456315.64113790180566158708953100933128985257566155291710
0.9500000000000006 35532109.94100749759201063869805020530900034197752113769689
0.9600000000000006 40012315.05479309181546663947026792019362168720187536933078
0.9700000000000006 44923109.95333879179864087575470021046734330134419031660067
0.9800000000000006 50291138.84381812660947475287454983316188057913779059117052
0.9900000000000007 56143433.73387662717120473045385973448993403500019299724914
1.0000000000000007 62507334.25544623215376387425287644282199832266895182186433
1.0100000000000007 69410405.27870124203466455698225706529393629947530469359256
1.0200000000000007 76880352.84773772594232500546357949762009950205278361914430
1.0300000000000007 84944938.96549714666426012641857799603343664817070724537585
1.0400000000000007 93631895.74663055909246915811511273608301644523654138646415
1.0500000000000007 102968839.44384977485485455184715978204597537297779104226058
1.0600000000000007 112983184.83629197189329729190302317570230598204201189746739
1.0700000000000007 123702060.44799896586517956470815783369778932699317536083816
1.0800000000000007 135152225.04124743293708624064023776113338740376189568317996
1.0900000000000007 147359985.80362159321334712868850990497795858215452728420876
1.1000000000000008 160351118.61984319465069490166308144319541319475620384517199
1.1100000000000008 174150790.78989616224095498948093187481619737961565472754306
1.1200000000000008 188783486.52431507070464482554435820278458433456152941073403
1.1300000000000008 204272935.51603345012885575749742721085043308931561124150248
1.1400000000000008 220642044.85626885891800524376807009676453040700068519526704
1.1500000000000008 237912834.52988713417171793888275586068141564710449842318245
1.1600000000000008 256106376.69383907613935433393076362132655406719729508009250
1.1700000000000008 275242738.91086966347461238266562222261822344995226265370841
1.1800000000000008 295340931.48000311732351609000874279269024867500482374607207
1.1900000000000008 316418858.97551728436969272035886372061148411693679838113219
1.2000000000000008 338493276.07741936489532772506676119834034950655481836744019
1.2100000000000009 361579747.74897543379426694516582376554841880641536681354091
1.2200000000000009 385692613.79075524901029700921357273590063682967687133373342
1.2300000000000009 410844957.77603306674059897322086628798456582384647231593761
1.2400000000000009 437048580.34931257246805066378868694947490488883356792306911
1.2500000000000009 464313976.84827574635150368276441189947495578209329122113455
1.260000000000001 492650319.18962762666429956154217404186752160644150494936867
1.270000000000001 522065441.94113941125477306276943556082785174838494177688024
1.280000000000001 552565832.48568263218135864317395401685091433721627260898707
1.290000000000001 584156625.16818411816979842721990267175620795761343103788073
1.300000000000001 616841599.30318910144651526061338706712862307478388814096795
1.310000000000001 650623180.90906089197162029041155044296941292881175124415510
1.320000000000001 685502448.02472316997088427935830329990582426684328938728540
1.330000000000001 721479139.45621015400044394297656185023670329920476870749470
1.340000000000001 758551666.79306899058771861419362834611267263044632137721115
1.350000000000001 796717129.52879058414691060412365151577253029606755016828457
1.360000000000001 835971333.11485844577893126670816557356717042393164031708505
1.370000000000001 876308809.77462559638118463774945046244730586747798037442160
1.380000000000001 917722841.90098062870748744714350775117960485767733010111266
1.390000000000001 960205487.86056803673323816064749578730852225997808470065307
1.400000000000001 1003747610.02710679003891058775980460966453657224823771213183
1.410000000000001 1048338904.86702711570707087046467719262854772861090564225834
1.420000000000001 1093967934.90214173901224498123674336821080222473151031753547
1.430000000000001 1140622162.37630909106340890295071498203677101447124579591137
1.440000000000001 1188287984.45595881404067065396920794275426286723121253835830
1.450000000000001 1236950769.79786319775034141268447298769611099915780609163922
1.460000000000001 1286594896.32158351578538537011072670952997649580218113081770
1.470000000000001 1337203790.02853203605565262571870180646669317801193659903734
1.480000000000001 1388759964.71450628915483886814477029673196242833674650600592
1.490000000000001 1441245062.42781275557917223144065791790781975440975169545671
